[gd_scene load_steps=11 format=3 uid="uid://qtc4v6o55otl"]

[ext_resource type="Environment" uid="uid://crsf8smolp8au" path="res://Environments/Main.tres" id="1_82l0s"]
[ext_resource type="PackedScene" uid="uid://dn0hgnaquqf5p" path="res://Prefabs/Player.tscn" id="2_1uq5u"]
[ext_resource type="PackedScene" uid="uid://i0bq7lqkmlwi" path="res://Prefabs/PanningMenu.tscn" id="3_a8bdd"]
[ext_resource type="PackedScene" uid="uid://byka7yi21wqgr" path="res://Prefabs/Sea.tscn" id="3_skm36"]
[ext_resource type="PackedScene" uid="uid://criidol8ceupp" path="res://Prefabs/World/Fence.tscn" id="4_px5de"]
[ext_resource type="PackedScene" uid="uid://cl2wi0vttovcp" path="res://Prefabs/Enemies/Anchor.tscn" id="6_6w0gh"]
[ext_resource type="PackedScene" uid="uid://bibf351mxdkt2" path="res://Prefabs/Enemies/Cobble.tscn" id="7_6je5k"]
[ext_resource type="PackedScene" uid="uid://dysbcmeon7mvc" path="res://Prefabs/World/ResetPoint.tscn" id="13_8ajip"]
[ext_resource type="PackedScene" uid="uid://ddlju2aqixo8b" path="res://Prefabs/Enemies/Mushroom.tscn" id="13_bdfe3"]
[ext_resource type="PackedScene" uid="uid://c7m7jysvmhf54" path="res://Prefabs/World/Island.tscn" id="14_xmxhe"]

[node name="Main" type="Node3D"]

[node name="WorldEnvironment" type="WorldEnvironment" parent="."]
environment = ExtResource("1_82l0s")

[node name="Player" parent="." node_paths=PackedStringArray("combatEntitiesList", "resetPoints") instance=ExtResource("2_1uq5u")]
transform = Transform3D(-0.965926, 0, -0.258819, 0, 1, 0, 0.258819, 0, -0.965926, 13, 18, -5)
combatEntitiesList = NodePath("../Enemies")
resetPoints = NodePath("../ResetPoints")

[node name="PanningMenu" parent="." instance=ExtResource("3_a8bdd")]
transform = Transform3D(1, 0, 0, 0, 1, 0, 0, 0, 1, 0, 21.9159, 0)

[node name="Environment" type="Node" parent="."]

[node name="Sea" parent="Environment" node_paths=PackedStringArray("player") instance=ExtResource("3_skm36")]
player = NodePath("../../Player")
metadata/_edit_lock_ = true

[node name="Island" parent="Environment" instance=ExtResource("14_xmxhe")]
metadata/_edit_lock_ = true

[node name="Fighting_Fence" parent="Environment/Island" instance=ExtResource("4_px5de")]
transform = Transform3D(0.983102, 0, 0.183059, 0, 1, 0, -0.183059, 0, 0.983102, -7.29957, 23, -26.4901)

[node name="Fighting_Fence2" parent="Environment/Island" instance=ExtResource("4_px5de")]
transform = Transform3D(0.983102, 0, 0.183059, 0, 1, 0, -0.183059, 0, 0.983102, -9.26578, 23, -26.124)

[node name="Fighting_Fence5" parent="Environment/Island" instance=ExtResource("4_px5de")]
transform = Transform3D(0.98298, 0, -0.183711, 0, 1, 0, 0.183711, 0, 0.98298, -3.37435, 23, -26.1233)

[node name="Fighting_Fence6" parent="Environment/Island" instance=ExtResource("4_px5de")]
transform = Transform3D(0.98298, 0, -0.183711, 0, 1, 0, 0.183711, 0, 0.98298, -5.34031, 23, -26.4907)

[node name="Fighting_Fence3" parent="Environment/Island" instance=ExtResource("4_px5de")]
transform = Transform3D(0.823007, 0, 0.56803, 0, 1, 0, -0.56803, 0, 0.823007, -11.0752, 23, -25.3924)

[node name="Fighting_Fence4" parent="Environment/Island" instance=ExtResource("4_px5de")]
transform = Transform3D(0.823007, 0, 0.56803, 0, 1, 0, -0.56803, 0, 0.823007, -12.7212, 23, -24.2563)

[node name="Starting_Fence7" parent="Environment/Island" instance=ExtResource("4_px5de")]
transform = Transform3D(0.513646, 0, 0.858002, 0, 1, 0, -0.858002, 0, 0.513646, 5.69812, 17, -12.3037)

[node name="Starting_Fence8" parent="Environment/Island" instance=ExtResource("4_px5de")]
transform = Transform3D(0.513646, 0, 0.858002, 0, 1, 0, -0.858002, 0, 0.513646, 4.67081, 17, -10.5877)

[node name="Starting_Fence9" parent="Environment/Island" instance=ExtResource("4_px5de")]
transform = Transform3D(0.788451, 0, 0.615097, 0, 1, 0, -0.615097, 0, 0.788451, 8.57161, 17, -15.0028)

[node name="Starting_Fence10" parent="Environment/Island" instance=ExtResource("4_px5de")]
transform = Transform3D(0.788451, 0, 0.615097, 0, 1, 0, -0.615097, 0, 0.788451, 6.99471, 17, -13.7726)

[node name="Starting_Fence11" parent="Environment/Island" instance=ExtResource("4_px5de")]
transform = Transform3D(0.119131, 0, 0.992878, 0, 1, 0, -0.992878, 0, 0.119131, 4.02124, 17, -8.74728)

[node name="Starting_Fence12" parent="Environment/Island" instance=ExtResource("4_px5de")]
transform = Transform3D(0.119131, 0, 0.992878, 0, 1, 0, -0.992878, 0, 0.119131, 3.78298, 17, -6.76153)

[node name="Enemies" type="Node" parent="."]

[node name="Starting Cobble" parent="Enemies" instance=ExtResource("7_6je5k")]
transform = Transform3D(1, 0, 0, 0, 1, 0, 0, 0, 1, 12.5, 19, -0.520237)

[node name="Starting Anchor1" parent="Enemies" instance=ExtResource("6_6w0gh")]
transform = Transform3D(1, 0, 0, 0, 1, 0, 0, 0, 1, 5, 25, -5)

[node name="Starting Anchor2" parent="Enemies" instance=ExtResource("6_6w0gh")]
transform = Transform3D(1, 0, 0, 0, 1, 0, 0, 0, 1, 7.5, 20, -12)

[node name="Mushroom" parent="Enemies" node_paths=PackedStringArray("entityTarget") instance=ExtResource("13_bdfe3")]
transform = Transform3D(-0.836525, 0, 0.547928, 0, 1, 0, -0.547928, 0, -0.836525, -9.59109, 23.964, -11.0537)
entityTarget = NodePath("../../Player")

[node name="Mushroom2" parent="Enemies" node_paths=PackedStringArray("entityTarget") instance=ExtResource("13_bdfe3")]
transform = Transform3D(0.990278, 0, -0.139104, 0, 1, 0, 0.139104, 0, 0.990278, -7.22273, 24.2159, -22.6991)
entityTarget = NodePath("../../Player")

[node name="Mushroom3" parent="Enemies" node_paths=PackedStringArray("entityTarget") instance=ExtResource("13_bdfe3")]
transform = Transform3D(0.326311, 0, 0.945263, 0, 1, 0, -0.945263, 0, 0.326311, -2.88297, 24.2159, -15.682)
entityTarget = NodePath("../../Player")

[node name="Mushroom4" parent="Enemies" node_paths=PackedStringArray("entityTarget") instance=ExtResource("13_bdfe3")]
transform = Transform3D(0.5, 0, -0.866025, 0, 1, 0, 0.866025, 0, 0.5, -15.8533, 24, -13.7213)
entityTarget = NodePath("../../Player")

[node name="Mushroom5" parent="Enemies" node_paths=PackedStringArray("entityTarget") instance=ExtResource("13_bdfe3")]
transform = Transform3D(-0.866025, 0, -0.5, 0, 1, 0, 0.5, 0, -0.866025, -10.9006, 28, -31.0266)
entityTarget = NodePath("../../Player")

[node name="Mushroom6" parent="Enemies" node_paths=PackedStringArray("entityTarget") instance=ExtResource("13_bdfe3")]
transform = Transform3D(-0.707107, 0, -0.707107, 0, 1, 0, 0.707107, 0, -0.707107, -14.7913, 24, -20.3143)
entityTarget = NodePath("../../Player")

[node name="ResetPoints" type="Node" parent="."]

[node name="Starting_ResetPoint1" parent="ResetPoints" instance=ExtResource("13_8ajip")]
transform = Transform3D(1, 0, 0, 0, 1, 0, 0, 0, 1, 17, 18, -6)

[node name="Starting_ResetPoint2" parent="ResetPoints" instance=ExtResource("13_8ajip")]
transform = Transform3D(1, 0, 0, 0, 1, 0, 0, 0, 1, 17, 18, -10)

[node name="Starting_ResetPoint3" parent="ResetPoints" instance=ExtResource("13_8ajip")]
transform = Transform3D(1, 0, 0, 0, 1, 0, 0, 0, 1, 14, 18, -13)

[node name="Starting_ResetPoint4" parent="ResetPoints" instance=ExtResource("13_8ajip")]
transform = Transform3D(1, 0, 0, 0, 1, 0, 0, 0, 1, 10, 18, -13)

[node name="Starting_ResetPoint5" parent="ResetPoints" instance=ExtResource("13_8ajip")]
transform = Transform3D(1, 0, 0, 0, 1, 0, 0, 0, 1, 6, 18, -9)

[node name="Fighting_ResetPoint1" parent="ResetPoints" instance=ExtResource("13_8ajip")]
transform = Transform3D(1, 0, 0, 0, 1, 0, 0, 0, 1, -16, 24, -15)

[node name="Fighting_ResetPoint2" parent="ResetPoints" instance=ExtResource("13_8ajip")]
transform = Transform3D(1, 0, 0, 0, 1, 0, 0, 0, 1, -13, 24, -22)

[node name="Fighting_ResetPoint7" parent="ResetPoints" instance=ExtResource("13_8ajip")]
transform = Transform3D(1, 0, 0, 0, 1, 0, 0, 0, 1, 1, 24, -22)

[node name="Fighting_ResetPoint8" parent="ResetPoints" instance=ExtResource("13_8ajip")]
transform = Transform3D(1, 0, 0, 0, 1, 0, 0, 0, 1, 4, 24, -15)

[node name="Fighting_ResetPoint9" parent="ResetPoints" instance=ExtResource("13_8ajip")]
transform = Transform3D(1, 0, 0, 0, 1, 0, 0, 0, 1, 1, 24, -8)

[node name="Fighting_ResetPoint4" parent="ResetPoints" instance=ExtResource("13_8ajip")]
transform = Transform3D(1, 0, 0, 0, 1, 0, 0, 0, 1, -9, 26, -20)

[node name="Fighting_ResetPoint6" parent="ResetPoints" instance=ExtResource("13_8ajip")]
transform = Transform3D(1, 0, 0, 0, 1, 0, 0, 0, 1, -1, 27, -20)

[node name="Fighting_ResetPoint5" parent="ResetPoints" instance=ExtResource("13_8ajip")]
transform = Transform3D(1, 0, 0, 0, 1, 0, 0, 0, 1, -9, 27.5, -9)

[node name="Fighting_ResetPoint3" parent="ResetPoints" instance=ExtResource("13_8ajip")]
transform = Transform3D(1, 0, 0, 0, 1, 0, 0, 0, 1, -9, 28, -29)

[node name="Boss_ResetPoint1" parent="ResetPoints" instance=ExtResource("13_8ajip")]
transform = Transform3D(1, 0, 0, 0, 1, 0, 0, 0, 1, 10, 53, 3)

[node name="Boss_ResetPoint2" parent="ResetPoints" instance=ExtResource("13_8ajip")]
transform = Transform3D(1, 0, 0, 0, 1, 0, 0, 0, 1, 9, 53, -2)

[node name="Boss_ResetPoint3" parent="ResetPoints" instance=ExtResource("13_8ajip")]
transform = Transform3D(1, 0, 0, 0, 1, 0, 0, 0, 1, 6, 53, -6)

[node name="Boss_ResetPoint4" parent="ResetPoints" instance=ExtResource("13_8ajip")]
transform = Transform3D(1, 0, 0, 0, 1, 0, 0, 0, 1, 2, 53, -9)

[node name="Boss_ResetPoint5" parent="ResetPoints" instance=ExtResource("13_8ajip")]
transform = Transform3D(1, 0, 0, 0, 1, 0, 0, 0, 1, -3, 53, -10)

[node name="Boss_ResetPoint6" parent="ResetPoints" instance=ExtResource("13_8ajip")]
transform = Transform3D(1, 0, 0, 0, 1, 0, 0, 0, 1, -8, 53, -9)

[node name="Boss_ResetPoint7" parent="ResetPoints" instance=ExtResource("13_8ajip")]
transform = Transform3D(1, 0, 0, 0, 1, 0, 0, 0, 1, -12, 53, -6)

[node name="Boss_ResetPoint8" parent="ResetPoints" instance=ExtResource("13_8ajip")]
transform = Transform3D(1, 0, 0, 0, 1, 0, 0, 0, 1, -15, 53, -2)

[node name="Boss_ResetPoint9" parent="ResetPoints" instance=ExtResource("13_8ajip")]
transform = Transform3D(1, 0, 0, 0, 1, 0, 0, 0, 1, -16, 53, 3)

[node name="Boss_ResetPoint10" parent="ResetPoints" instance=ExtResource("13_8ajip")]
transform = Transform3D(1, 0, 0, 0, 1, 0, 0, 0, 1, -15, 53, 8)

[node name="Boss_ResetPoint11" parent="ResetPoints" instance=ExtResource("13_8ajip")]
transform = Transform3D(1, 0, 0, 0, 1, 0, 0, 0, 1, -12, 53, 12)

[node name="Boss_ResetPoint12" parent="ResetPoints" instance=ExtResource("13_8ajip")]
transform = Transform3D(1, 0, 0, 0, 1, 0, 0, 0, 1, -8, 53, 15)

[node name="Boss_ResetPoint13" parent="ResetPoints" instance=ExtResource("13_8ajip")]
transform = Transform3D(1, 0, 0, 0, 1, 0, 0, 0, 1, -3, 53, 16)

[node name="Boss_ResetPoint14" parent="ResetPoints" instance=ExtResource("13_8ajip")]
transform = Transform3D(1, 0, 0, 0, 1, 0, 0, 0, 1, 2, 53, 15)

[node name="Boss_ResetPoint15" parent="ResetPoints" instance=ExtResource("13_8ajip")]
transform = Transform3D(1, 0, 0, 0, 1, 0, 0, 0, 1, 6, 53, 12)

[node name="Boss_ResetPoint16" parent="ResetPoints" instance=ExtResource("13_8ajip")]
transform = Transform3D(1, 0, 0, 0, 1, 0, 0, 0, 1, 9, 53, 8)
